Newton Interpolation Coefficients (Degree 20):
a(0) = 1.3728615860
a(1) = 0.0395175558
a(2) = -0.0081291542
a(3) = 0.0017602169
a(4) = -0.0004099930
a(5) = 0.0001049423
a(6) = -0.0000300277
a(7) = 0.0000095589
a(8) = -0.0000029705
a(9) = -0.0000002109
a(10) = 0.0000022738
a(11) = 0.0000005087
a(12) = -0.0000004127
a(13) = -0.0000003329
a(14) = -0.0000001313
a(15) = -0.0000000365
a(16) = -0.0000000080
a(17) = -0.0000000014
a(18) = -0.0000000002
a(19) = -0.0000000000
a(20) = -0.0000000000
